	14	75	21	53	23	25	59	60	63	17	90	84	31	37	55	56	57	78	48	80	79	47	68	50	72	71	73	74	76
14	0.09439102391793326	1.6397430250886107	0.6975946168939741	0.24956234474673472	0.34474970733763777	0.6308250325994682	0.3838930206775089	0.35233359263981406	1.3662661555034412	0.0	0.0	0.0	0.0	0.0	0.0	0.0	0.0	0.0	0.0	0.0	0.0	0.0	0.0	0.0	0.0	0.0	0.0	0.0	0.0
75	1.6397430250886107	0.0	0.0	0.0	0.0	0.0	0.0	0.0	0.2025562665864527	0.0	0.0	0.0	0.0	0.0	0.0	0.0	0.0	0.5851511962234811	0.0	0.0	0.0	0.0	0.0	0.0	0.0	0.0	0.0	0.4337208360542917	0.2308835626879283
21	0.6975946168939741	0.0	0.0	0.7281452304316101	0.0	0.0	0.0	0.0	0.45355535478898124	0.0	0.0	0.0	0.0	0.3579550845748313	0.39416590740650587	0.2429134356571382	0.0	0.0	0.0	0.0	0.0	0.0	0.0	0.0	0.0	0.0	0.0	0.0	0.0
53	0.24956234474673472	0.0	0.7281452304316101	0.16123840301447193	0.0	0.0	0.0	0.0	0.0	0.0	0.0	0.0	0.0	0.0	0.6225204965788658	0.0	0.0	0.0	0.0	0.0	0.0	0.0	0.0	0.25679743058379345	0.0	0.250439214472537	0.0	0.0	0.0
23	0.34474970733763777	0.0	0.0	0.0	0.0	0.0	0.0	0.27757901804336205	0.0	0.0	0.0	0.0	0.0	0.0	0.0	0.0	0.0	0.0	0.0	0.0	0.0	0.0	0.0	0.0	0.0	0.0	0.0	0.0	0.0
25	0.6308250325994682	0.0	0.0	0.0	0.0	0.0	0.5781891691574762	0.0	0.0	0.0	0.0	0.0	0.0	0.0	0.0	0.0	0.6911090409074108	0.0	0.0	0.0	0.0	0.0	0.0	0.0	0.0	0.0	0.0	0.0	0.0
59	0.3838930206775089	0.0	0.0	0.0	0.0	0.5781891691574762	0.0	0.22504706701861962	0.0	0.0	0.0	0.0	0.0	0.0	0.0	0.0	0.21880539769459134	0.0	0.0	0.0	0.0	0.0	0.0	0.0	0.0	0.0	0.0	0.0	0.0
60	0.35233359263981406	0.0	0.0	0.0	0.27757901804336205	0.0	0.22504706701861962	0.0	0.0	0.0	0.0	0.0	0.0	0.0	0.0	0.0	0.4233199780874425	0.0	0.0	0.0	0.0	0.0	0.0	0.0	0.0	0.0	0.0	0.0	0.0
63	1.3662661555034412	0.2025562665864527	0.45355535478898124	0.0	0.0	0.0	0.0	0.0	0.0	0.0	0.0	0.0	0.0	0.305282707413021	0.0	0.0	0.0	0.7698469498618059	0.0	0.0	0.0	0.0	0.0	0.0	0.0	0.0	0.0	0.0	0.0
17	0.0	0.0	0.0	0.0	0.0	0.0	0.0	0.0	0.0	0.0	1.122160139058373	1.5952160679905991	0.21200526250642077	0.0	0.0	0.0	0.0	0.0	0.0	0.0	0.0	0.0	0.0	0.0	0.0	0.0	0.0	0.0	0.0
90	0.0	0.0	0.0	0.0	0.0	0.0	0.0	0.0	0.0	1.122160139058373	0.0	0.2325252776881921	1.0742182502285007	0.0	0.717949138464883	0.7246540705318725	0.0	0.0	0.0	0.24234717406955378	0.0	0.0	0.0	0.0	0.0	0.0	0.0	0.0	0.0
84	0.0	0.0	0.0	0.0	0.0	0.0	0.0	0.0	0.0	1.5952160679905991	0.2325252776881921	0.15663012855120162	0.0	0.0	0.5783243365714813	0.0	0.0	0.0	0.0	0.0	0.0	0.0	0.0	0.0	0.23229785776138603	0.0	0.0	0.0	0.0
31	0.0	0.0	0.0	0.0	0.0	0.0	0.0	0.0	0.0	0.21200526250642077	1.0742182502285007	0.0	0.0	0.0	0.0	0.0	0.0	0.9245665981754009	0.27270514874941376	1.0096507724255157	0.0	0.0	0.0	0.0	0.0	0.0	0.0	0.0	0.0
37	0.0	0.0	0.3579550845748313	0.0	0.0	0.0	0.0	0.0	0.305282707413021	0.0	0.0	0.0	0.0	0.0	0.0	0.3162833876259544	0.0	0.8638446330672702	0.0	0.0	0.8588038497828114	0.0	0.0	0.0	0.0	0.0	0.0	0.0	0.0
55	0.0	0.0	0.39416590740650587	0.6225204965788658	0.0	0.0	0.0	0.0	0.0	0.0	0.717949138464883	0.5783243365714813	0.0	0.0	0.0	0.20015462404621664	0.0	0.0	0.0	0.0	0.0	0.0	0.0	0.6353098276846076	0.5961383244271299	0.0	0.0	0.0	0.0
56	0.0	0.0	0.2429134356571382	0.0	0.0	0.0	0.0	0.0	0.0	0.0	0.7246540705318725	0.0	0.0	0.3162833876259544	0.20015462404621664	0.0	0.0	0.0	0.0	0.8706349914504167	0.8480253305950428	0.0	0.0	0.0	0.0	0.0	0.0	0.0	0.0
57	0.0	0.0	0.0	0.0	0.0	0.6911090409074108	0.21880539769459134	0.4233199780874425	0.0	0.0	0.0	0.0	0.0	0.0	0.0	0.0	0.0	0.0	0.0	0.0	0.0	0.0	0.0	0.0	0.0	0.0	0.0	0.0	0.0
78	0.0	0.5851511962234811	0.0	0.0	0.0	0.0	0.0	0.0	0.7698469498618059	0.0	0.0	0.0	0.9245665981754009	0.8638446330672702	0.0	0.0	0.0	0.21625259070336045	0.7561520600583367	0.221711697876479	0.20399559765658556	0.0	0.7102787141383806	0.0	0.0	0.0	0.5254632611302912	0.5044803340682732	0.0
48	0.0	0.0	0.0	0.0	0.0	0.0	0.0	0.0	0.0	0.0	0.0	0.0	0.27270514874941376	0.0	0.0	0.0	0.0	0.7561520600583367	0.0	0.0	0.0	0.16622925705138009	0.3157049943217986	0.0	0.0	0.0	0.0	0.0	0.0
80	0.0	0.0	0.0	0.0	0.0	0.0	0.0	0.0	0.0	0.0	0.24234717406955378	0.0	1.0096507724255157	0.0	0.0	0.8706349914504167	0.0	0.221711697876479	0.0	0.0	0.22584725769306016	0.0	0.0	0.0	0.0	0.0	0.0	0.0	0.0
79	0.0	0.0	0.0	0.0	0.0	0.0	0.0	0.0	0.0	0.0	0.0	0.0	0.0	0.8588038497828114	0.0	0.8480253305950428	0.0	0.20399559765658556	0.0	0.22584725769306016	0.0	0.0	0.0	0.0	0.0	0.0	0.0	0.0	0.0
47	0.0	0.0	0.0	0.0	0.0	0.0	0.0	0.0	0.0	0.0	0.0	0.0	0.0	0.0	0.0	0.0	0.0	0.0	0.16622925705138009	0.0	0.0	0.0	0.27288296153053354	0.0	0.0	0.0	0.0	0.0	0.0
68	0.0	0.0	0.0	0.0	0.0	0.0	0.0	0.0	0.0	0.0	0.0	0.0	0.0	0.0	0.0	0.0	0.0	0.7102787141383806	0.3157049943217986	0.0	0.0	0.27288296153053354	0.0	0.0	0.0	0.0	0.23746139752582193	0.0	0.0
50	0.0	0.0	0.0	0.25679743058379345	0.0	0.0	0.0	0.0	0.0	0.0	0.0	0.0	0.0	0.0	0.6353098276846076	0.0	0.0	0.0	0.0	0.0	0.0	0.0	0.0	0.0	0.27861072506909	0.3564076846861478	0.0	0.0	0.0
72	0.0	0.0	0.0	0.0	0.0	0.0	0.0	0.0	0.0	0.0	0.0	0.23229785776138603	0.0	0.0	0.5961383244271299	0.0	0.0	0.0	0.0	0.0	0.0	0.0	0.0	0.27861072506909	0.0	0.2486504194678993	0.0	0.0	0.0
71	0.0	0.0	0.0	0.250439214472537	0.0	0.0	0.0	0.0	0.0	0.0	0.0	0.0	0.0	0.0	0.0	0.0	0.0	0.0	0.0	0.0	0.0	0.0	0.0	0.3564076846861478	0.2486504194678993	0.0	0.0	0.0	0.0
73	0.0	0.0	0.0	0.0	0.0	0.0	0.0	0.0	0.0	0.0	0.0	0.0	0.0	0.0	0.0	0.0	0.0	0.5254632611302912	0.0	0.0	0.0	0.0	0.23746139752582193	0.0	0.0	0.0	0.0	0.17004485123297805	0.0
74	0.0	0.4337208360542917	0.0	0.0	0.0	0.0	0.0	0.0	0.0	0.0	0.0	0.0	0.0	0.0	0.0	0.0	0.0	0.5044803340682732	0.0	0.0	0.0	0.0	0.0	0.0	0.0	0.0	0.17004485123297805	0.0	0.2271647103822742
76	0.0	0.2308835626879283	0.0	0.0	0.0	0.0	0.0	0.0	0.0	0.0	0.0	0.0	0.0	0.0	0.0	0.0	0.0	0.0	0.0	0.0	0.0	0.0	0.0	0.0	0.0	0.0	0.0	0.2271647103822742	0.0
