	5	11	12	16	20	29	30	14	21	22	23	37	38	39	19	47	48	42	45	51	55	56	26	32	43	44	53	50	54
5	0.0	0.08848545978498103	0.08056793675828279	0.08227512786064395	0.48657714225484794	0.2922828153579464	0.24235447523758546	0.0	0.0	0.0	0.0	0.0	0.0	0.0	0.0	0.0	0.0	0.0	0.0	0.0	0.0	0.0	0.0	0.0	0.0	0.0	0.0	0.0	0.0
11	0.08848545978498103	0.0	-0.10919705650420779	0.0	0.07527635290872467	0.0	0.0	0.0	0.0	0.0	0.0	0.0	0.0	0.0	0.0	0.0	0.0	0.0	0.0	0.0	0.0	0.0	0.0	0.0	0.0	0.0	0.0	0.0	0.0
12	0.08056793675828279	-0.10919705650420779	0.0	0.0	0.0	0.0	0.0	0.0	0.0	0.0	0.0	0.0	0.0	0.0	0.0	0.0	0.0	0.0	0.0	0.0	0.0	0.0	0.0	0.0	0.0	0.0	0.0	0.0	0.0
16	0.08227512786064395	0.0	0.0	0.0	1.3392474196741027	0.0	0.0333609119709552	1.1070043626166874	0.0	0.0	0.3221435795632573	0.0	0.0	0.3782959824934499	1.3908134950801876	0.46203097226005574	0.4292958973757704	0.0	0.0	0.0	0.0	0.0	0.0	0.0	0.0	0.0	0.0	0.0	0.0
20	0.48657714225484794	0.07527635290872467	0.0	1.3392474196741027	0.0	0.0	0.0	0.0	0.0	0.0	0.0	0.0	0.0	0.0	-0.012748275052192247	0.0	0.0	0.0	0.0	0.0	0.0	0.0	0.0	0.0	0.0	0.0	0.0	0.0	0.0
29	0.2922828153579464	0.0	0.0	0.0	0.0	0.0	-0.09125766298472338	0.0	0.0	0.0	0.09410369187321287	0.0	0.0	0.0	0.0	0.0	0.0	0.0	0.0	0.0	0.0	0.0	0.0	0.0	0.0	0.0	0.0	0.0	0.0
30	0.24235447523758546	0.0	0.0	0.0333609119709552	0.0	-0.09125766298472338	0.0	0.0	0.0	0.0	0.04262006396586375	0.0	0.0	0.0	0.0	0.0	0.0	0.0	0.0	0.0	0.0	0.0	0.0	0.0	0.0	0.0	0.0	0.0	0.0
14	0.0	0.0	0.0	1.1070043626166874	0.0	0.0	0.0	0.0	0.07309653710465479	0.25580252216178184	0.5479296451560982	0.3140035603047215	0.09112264820934535	0.279631228984798	0.0	0.0	0.0	0.0	0.0	0.0	0.0	0.0	0.0	0.0	0.0	0.0	0.0	0.0	0.0
21	0.0	0.0	0.0	0.0	0.0	0.0	0.0	0.07309653710465479	0.0	0.07976963923267887	0.0	0.0	0.0	0.0	0.0	0.0	0.0	0.0	0.0	0.0	0.0	0.0	0.0	0.0	0.0	0.0	0.0	0.0	0.0
22	0.0	0.0	0.0	0.0	0.0	0.0	0.0	0.25580252216178184	0.07976963923267887	0.0	0.10892523881920096	0.0	0.0	0.0	0.0	0.0	0.0	0.0	0.0	0.0	0.0	0.0	0.0	0.0	0.0	0.0	0.0	0.0	0.0
23	0.0	0.0	0.0	0.3221435795632573	0.0	0.09410369187321287	0.04262006396586375	0.5479296451560982	0.0	0.10892523881920096	0.0	0.0	0.0	0.0	0.0	0.0	0.0	0.0	0.0	0.0	0.0	0.0	0.0	0.0	0.0	0.0	0.0	0.0	0.0
37	0.0	0.0	0.0	0.0	0.0	0.0	0.0	0.3140035603047215	0.0	0.0	0.0	0.0	0.0947340279387628	0.0	0.0	0.0	0.0	0.0	0.0	0.0	0.0	0.0	0.0	0.09702843495146973	0.0	0.0	0.0	0.0	0.0
38	0.0	0.0	0.0	0.0	0.0	0.0	0.0	0.09112264820934535	0.0	0.0	0.0	0.0947340279387628	0.0	0.40074213741348025	0.0	0.0	0.0	0.0	0.0	0.0	0.0	0.0	0.0	0.2732605318103539	0.0	0.0	0.0	0.0	0.0
39	0.0	0.0	0.0	0.3782959824934499	0.0	0.0	0.0	0.279631228984798	0.0	0.0	0.0	0.0	0.40074213741348025	0.0	0.0	0.11283364360404792	0.0	0.42124087219341166	0.0	0.0	0.0	0.0	0.0	0.24398938830615455	0.0	0.0	0.06103243529389545	0.6147324916014671	0.42787400912326873
19	0.0	0.0	0.0	1.3908134950801876	-0.012748275052192247	0.0	0.0	0.0	0.0	0.0	0.0	0.0	0.0	0.0	0.0	0.0	0.7292114110303967	0.3472162918226233	0.034744371073273134	0.09422549295062918	0.3081264427605197	0.1994107741366127	0.0	0.0	0.0	0.0	0.0	0.0	0.0
47	0.0	0.0	0.0	0.46203097226005574	0.0	0.0	0.0	0.0	0.0	0.0	0.0	0.0	0.0	0.11283364360404792	0.0	0.0	-0.0497872364673733	0.05719848057498895	0.0	0.0	0.0	0.0	0.0	0.0	0.0	0.0	0.0	0.0	0.0
48	0.0	0.0	0.0	0.4292958973757704	0.0	0.0	0.0	0.0	0.0	0.0	0.0	0.0	0.0	0.0	0.7292114110303967	-0.0497872364673733	0.0	0.059838791874136585	0.0	0.0	0.0	0.0	0.0	0.0	0.0	0.0	0.0	0.0	0.0
42	0.0	0.0	0.0	0.0	0.0	0.0	0.0	0.0	0.0	0.0	0.0	0.0	0.0	0.42124087219341166	0.3472162918226233	0.05719848057498895	0.059838791874136585	0.0	0.3497118298576922	0.0	0.0	0.0	0.0	0.0	0.0	0.0	0.0	0.08618260140663637	0.0
45	0.0	0.0	0.0	0.0	0.0	0.0	0.0	0.0	0.0	0.0	0.0	0.0	0.0	0.0	0.034744371073273134	0.0	0.0	0.3497118298576922	0.0	-0.24032334083150997	0.0	0.0	0.0	0.0	0.48842583177869614	0.2143411843930572	0.0	0.33886274299863345	0.33153694670819894
51	0.0	0.0	0.0	0.0	0.0	0.0	0.0	0.0	0.0	0.0	0.0	0.0	0.0	0.0	0.09422549295062918	0.0	0.0	0.0	-0.24032334083150997	0.0	-0.19562636202827938	0.0	0.0	0.0	0.0	-0.0016312623432706563	0.0	0.0	0.0
55	0.0	0.0	0.0	0.0	0.0	0.0	0.0	0.0	0.0	0.0	0.0	0.0	0.0	0.0	0.3081264427605197	0.0	0.0	0.0	0.0	-0.19562636202827938	0.0	-0.09752762141765013	0.0	0.0	0.0	0.19409300586220424	0.0	0.0	0.0
56	0.0	0.0	0.0	0.0	0.0	0.0	0.0	0.0	0.0	0.0	0.0	0.0	0.0	0.0	0.1994107741366127	0.0	0.0	0.0	0.0	0.0	-0.09752762141765013	0.0	0.0	0.0	0.0	0.06595061543005902	0.0	0.0	0.0
26	0.0	0.0	0.0	0.0	0.0	0.0	0.0	0.0	0.0	0.0	0.0	0.0	0.0	0.0	0.0	0.0	0.0	0.0	0.0	0.0	0.0	0.0	0.0	0.07210212464637303	0.04566861106307407	0.15227967104482526	0.3210695851560219	0.0	0.0
32	0.0	0.0	0.0	0.0	0.0	0.0	0.0	0.0	0.0	0.0	0.0	0.09702843495146973	0.2732605318103539	0.24398938830615455	0.0	0.0	0.0	0.0	0.0	0.0	0.0	0.0	0.07210212464637303	0.0	0.0	0.0	0.33218763002748697	0.0	0.0
43	0.0	0.0	0.0	0.0	0.0	0.0	0.0	0.0	0.0	0.0	0.0	0.0	0.0	0.0	0.0	0.0	0.0	0.0	0.48842583177869614	0.0	0.0	0.0	0.04566861106307407	0.0	0.0	-0.0763969214879532	0.3215943913119714	0.0	0.3443487360229581
44	0.0	0.0	0.0	0.0	0.0	0.0	0.0	0.0	0.0	0.0	0.0	0.0	0.0	0.0	0.0	0.0	0.0	0.0	0.2143411843930572	-0.0016312623432706563	0.19409300586220424	0.06595061543005902	0.15227967104482526	0.0	-0.0763969214879532	0.0	0.0	0.0	0.0
53	0.0	0.0	0.0	0.0	0.0	0.0	0.0	0.0	0.0	0.0	0.0	0.0	0.0	0.06103243529389545	0.0	0.0	0.0	0.0	0.0	0.0	0.0	0.0	0.3210695851560219	0.33218763002748697	0.3215943913119714	0.0	0.0	0.0	0.037381861750669786
50	0.0	0.0	0.0	0.0	0.0	0.0	0.0	0.0	0.0	0.0	0.0	0.0	0.0	0.6147324916014671	0.0	0.0	0.0	0.08618260140663637	0.33886274299863345	0.0	0.0	0.0	0.0	0.0	0.0	0.0	0.0	0.0	0.03992032287867727
54	0.0	0.0	0.0	0.0	0.0	0.0	0.0	0.0	0.0	0.0	0.0	0.0	0.0	0.42787400912326873	0.0	0.0	0.0	0.0	0.33153694670819894	0.0	0.0	0.0	0.0	0.0	0.3443487360229581	0.0	0.037381861750669786	0.03992032287867727	0.0
